511
511
511
511
511
511
511
511
511
511
511
511
511
511
511
511
-512
-512
-512
-512
-512
-512
-512
-512
-512
-512
-512
-512
-512
-512
-512
-512
511
511
511
511
511
511
511
511
511
511
511
511
511
511
511
511
-512
-512
-512
-512
-512
-512
-512
-512
-512
-512
-512
-512
-512
-512
-512
-512
511
-512
511
511
511
511
511
511
511
511
511
511
511
511
511
511
-512
-512
-512
-512
-512
-512
-512
-512
-512
-512
-512
-512
-512
-512
-512
-512
511
511
511
511
511
511
511
511
511
511
511
511
511
511
511
511
-512
-512
-512
-512
-512
-512
-512
-512
-512
-512
-512
-512
-512
-512
-512
-512
511
-512
511
-512
-512
-512
-160
-512
-512
-512
-512
-512
-140
-512
-146
-62
-512
-512
-512
-512
-512
-512
-512
-512
-512
-512
-512
-512
-512
-512
-512
-512
511
-512
-512
-512
-512
-512
-512
-512
-512
-512
-512
-512
-512
-512
-512
-512
-512
-512
-512
-512
-512
-512
-512
-512
-512
-512
-512
-512
-512
-512
-512
-512
511
511
511
511
511
511
511
511
511
511
511
511
511
511
511
511
-512
-512
-512
-512
-512
-512
-512
-512
-512
-512
-512
-512
-512
-512
-512
-512
511
-512
511
97
511
511
511
445
511
511
511
269
511
165
234
134
511
-485
511
511
511
511
511
511
511
511
511
313
476
177
194
110
